#KJH_FILE_EXPORT
#SCENE
0	20	30	160	1	1	1	147807848
#MATERIAL
	    0.5882     0.5882     0.5882
	    0.5882     0.5882     0.5882
	    0.9000     0.9000     0.9000
		0	02.tga

#GEOMOBJECTS
	Plane01	
	2	4	2	4	0	5	5	5	5	1	0	1	0
	6.992306 6.992306 0.000000	-6.992306 -6.992306 -0.000000
#VERTEX_GROUPS
	2
	0
	#LOCAL_MATRIX
	   -1.2416     0.1569     0.0000     0.0000
	    0.0000     0.0000    -1.2515     0.0000
	   -0.1569    -1.2416    -0.0000     0.0000
	    0.0000     0.0000     0.0000     1.0000
	#WORLD_MATRIX
	   -1.2416     0.1569     0.0000     0.0000
	    0.0000     0.0000    -1.2515     0.0000
	   -0.1569    -1.2416    -0.0000     0.0000
	    0.0000     0.0000     0.0000     1.0000
	#INVERSE_MATRIX
	   -0.7928     0.0000    -0.1001     0.0000
	    0.1001     0.0000    -0.7928     0.0000
	    0.0000    -0.7991    -0.0000     0.0000
	    0.0000     0.0000     0.0000     1.0000
	#TRAINGLES
	   -5.0000     0.0000    -5.0000	    0.0000     0.0000    -1.0000	              0	    0.0000     1.0000
	    5.0000    -0.0000     5.0000	    0.0000     0.0000    -1.0000	              0	    1.0000     0.0000
	    5.0000     0.0000    -5.0000	    0.0000     0.0000    -1.0000	              0	    1.0000     1.0000
		    0.0000     0.0000    -1.0000	0	0	3	1	0
	    5.0000    -0.0000     5.0000	    0.0000     0.0000    -1.0000	              0	    1.0000     0.0000
	   -5.0000     0.0000    -5.0000	    0.0000     0.0000    -1.0000	              0	    0.0000     1.0000
	   -5.0000    -0.0000     5.0000	    0.0000     0.0000    -1.0000	              0	    0.0000     0.0000
		    0.0000     0.0000    -1.0000	0	3	0	2	1
	#POSITION_TRACK
	0     0.0000     0.0000     0.0000
	800     0.0000     0.0000     0.0000
	1600     0.0000     0.0000     0.0000
	2400     0.0000     0.0000     0.0000
	3200     0.0000     0.0000     0.0000
	#ROTATION_TRACK
	0    -0.0444    -0.7057     0.7057     0.0444
	800    -0.6883     0.1618    -0.1618     0.6883
	1600    -0.4056    -0.5792     0.5792     0.4056
	2400     0.3515    -0.6135     0.6135    -0.3515
	3200    -0.6935    -0.1381     0.1381     0.6935
	#SCALE_TRACK
	0     1.2515     1.2515     1.2515     0.0000     0.0000     0.0000     0.0000
	800     1.2515     1.2515     1.2515     0.0000     0.0000     0.0000     0.0000
	1600     1.2515     1.2515     1.2515     0.0000     0.0000     0.0000     0.0000
	2400     1.2515     1.2515     1.2515     0.0000     0.0000     0.0000     0.0000
	3200     1.2515     1.2515     1.2515     0.0000     0.0000     0.0000     0.0000
	#VISIBILITY_TRACK_INFORMATION
	0     0.0000
	800     0.5000
	1600     1.0000
	2400     0.5000
	3200     0.0000
	#MATERIAL_REF	0
