#KJH_FILE_EXPORT
#SCENE
0	20	30	160	1	1	1	147807848
#MATERIAL
	    0.5882     0.5882     0.5882
	    0.5882     0.5882     0.5882
	    0.9000     0.9000     0.9000
		0	02.tga

#GEOMOBJECTS
	Plane01	
	2	4	2	4	0	5	5	5	5	1	0	1	0
	0.010738 6.263616 6.263607	-0.010738 -6.263616 -6.263607
#VERTEX_GROUPS
	2
	0
	#LOCAL_MATRIX
	   -0.0021    -0.0012     1.2515     0.0000
	   -1.2515     0.0000    -0.0021     0.0000
	    0.0000    -1.2515    -0.0012     0.0000
	    0.0000     0.0000     0.0000     1.0000
	#WORLD_MATRIX
	   -0.0021    -0.0012     1.2515     0.0000
	   -1.2515     0.0000    -0.0021     0.0000
	    0.0000    -1.2515    -0.0012     0.0000
	    0.0000     0.0000     0.0000     1.0000
	#INVERSE_MATRIX
	   -0.0014    -0.7991     0.0000     0.0000
	   -0.0008     0.0000    -0.7991     0.0000
	    0.7991    -0.0014    -0.0008     0.0000
	    0.0000     0.0000     0.0000     1.0000
	#TRAINGLES
	   -5.0000     0.0000    -5.0000	   -1.0000     0.0000    -0.0017	              0	    0.0000     1.0000
	    5.0000    -0.0000     5.0000	   -1.0000     0.0000    -0.0017	              0	    1.0000     0.0000
	    5.0000    -0.0000    -5.0000	   -1.0000     0.0000    -0.0017	              0	    1.0000     1.0000
		   -1.0000     0.0000    -0.0017	0	0	3	1	0
	    5.0000    -0.0000     5.0000	   -1.0000     0.0000    -0.0017	              0	    1.0000     0.0000
	   -5.0000     0.0000    -5.0000	   -1.0000     0.0000    -0.0017	              0	    0.0000     1.0000
	   -5.0000     0.0000     5.0000	   -1.0000     0.0000    -0.0017	              0	    0.0000     0.0000
		   -1.0000     0.0000    -0.0017	0	3	0	2	1
	#POSITION_TRACK
	0     0.0000     0.0000     0.0000
	800     0.0000     0.0000     0.0000
	1600     0.0000     0.0000     0.0000
	2400     0.0000     0.0000     0.0000
	3200     0.0000     0.0000     0.0000
	#ROTATION_TRACK
	0     0.4998    -0.5007     0.5002     0.4993
	800    -0.5767     0.5760     0.4091     0.4101
	1600     0.1660    -0.1672     0.6873     0.6871
	2400     0.6926    -0.6929     0.1423     0.1411
	3200    -0.3552     0.3542     0.6114     0.6120
	#SCALE_TRACK
	0     1.2515     1.2515     1.2515     0.0000     0.0000     0.0000     0.0000
	800     1.2515     1.2515     1.2515     0.0000    -1.0000     0.0038     0.1811
	1600     1.2515     1.2515     1.2515     0.9997     0.0000    -0.0233     0.0005
	2400     1.2515     1.2515     1.2515    -0.9552    -0.0000    -0.2959     0.0004
	3200     1.2515     1.2515     1.2515     0.0000     0.0000     0.0000     0.0000
	#VISIBILITY_TRACK_INFORMATION
	0     0.0000
	800     0.5000
	1600     1.0000
	2400     0.5000
	3200     0.0000
	#MATERIAL_REF	0
